0.04519328
0.1429543
0.09360959
0.08080153
0.04780589
0.03900729
0.03514124
0.1210523
0.02871021
0.1296459
0.08670851
0.09362218
0.2102872
0.2267045
0.08965929
0.04358522
0.1507904
0.07577246
0.3340798
0.1873088
0.1104989
0.1462396
0.1036082
0.102846
0.3038147
0.1721456
0.5365646
0.2692528
0.1938311
0.0641256
0.1255331
0.2427484
0.1151012
0.2633534
0.09808137
0.04517582
0.1581311
0.05789958
0.06379467
0.09379797
0.1143386
0.1162571
0.03304582
0.1157642
0.04762913
0.1048095
0.1120464
0.02502427
0.1147127
0.05471447
0.1006434
0.1559998
0.2090737
0.1625163
0.1073693
0.1464205
0.1801689
0.2474951
0.283547
0.1176737
0.1645977
0.04173609
0.03891011
0.004442429
0.03566939
0.05708429
0.07998201
0.114934
0.05267184
0.08001774
0.1733104
0.05977694
0.03647861
0.0569252
0.05634496
0.0249321
0.02478279
0.03813099
0.2131299
0.2586583
0.0634808
0.01336514
0.02282836
0.02384477
0.01994853
0.01708796
0.06430842
0.01462885
0.005282514
0.02507665
0.02965018
0.006836072
0.01830021
0.03793702
0.08002886
0.1025624
0.1469439
0.07317702
0.04092136
0.02615068
0.04555217
0.03807014
0.04647644
0.01444244
0.01423219
0.0124036
0.01705836
0.07849376
0.08125599
0.0612053
0.104066
0.01640555
0.007700546
0.02550771
0.02863368
0.009457319
0.02514526
0.01804849
0.02960244
0.01957161
0.05352481
0.07744713
0.02249849
0.002796915
0.01840829
0.0116216
0.0150162
0.05062229
0.05142846
0.01895092
0.00826511
0.01499878
0.01810142
0.009154023
0.01537564
0.0114365
0.009362934
0.01698418
0.01471942
0.02542548
0.008050167
0.01131292
0.005947997
0.008940064
0.008897303
0.0109313
0.009280658
0.01780056
0.01452478
0.008206901
0.009814151
0.04164615
0.02984048
0.02405024
0.02438873
0.01237368
0.01614873
0.02564102
0.01330983
0.08556662
0.2103895
0.2472086
0.04895396
0.04158729
0.07255312
0.1281142
0.2111676
0.1426794
0.04131813
0.01469109
0.01980027
0.05469011
0.08876936
0.07278204
0.02162326
0.01974097
0.120133
0.09919337
0.1083546
0.3241121
0.2057176
0.2815901
0.0783212
0.03337908
0.02615855
0.0536598
0.02992941
0.02176803
0.008193775
0.01470945
0.08603761
0.1010822
0.03347119
0.04057949
0.02447852
0.04213705
0.02668225
0.07294097
0.03484141
0.02259181
