0.2522544
0.1374977
0.2392121
0.2761445
0.4067509
0.3769776
0.2438721
0.1200286
0.1785392
0.2082865
0.1176199
0.2844881
0.07504185
0.03320425
0.09625041
0.2517083
0.0528709
0.0201699
0.02898786
0.009620606
0.05866933
0.01614319
0.008628424
0.006589329
0.005447025
0.002836709
0.003640047
0.00792662
0.00244774
0.002838613
0.001783253
0.001732776
0.00176691
0.002092996
0.001029132
0.004259638
0.001507187
0.003783396
0.00229907
0.004922278
0.004609967
0.001053602
0.001796609
0.002137868
0.00263709
0.002269362
0.002788054
0.001460714
0.004295622
0.002464783
0.003103101
0.002324663
0.0008821475
0.0009913146
0.001695696
0.001270584
0.001807257
0.002257067
0.005659162
0.002397678
0.001556715
0.003541787
0.00104822
0.004851289
0.00211713
0.001437222
0.002340288
0.001022973
0.005302574
0.001721297
0.001167588
0.004317099
0.00434377
0.001043273
0.007016294
0.001591028
0.002091694
0.00372833
0.0006314219
0.001641066
0.003707494
0.002197582
0.002856248
0.001885011
0.003729662
0.00085912
0.002455789
0.00151268
0.003087818
0.003196225
0.006018201
0.001558163
0.001742728
0.005098957
0.01081954
0.007074883
0.001898065
0.0066305
0.003394425
0.001824176
0.004464141
0.002717273
0.003254047
0.001850508
0.003175044
0.00400418
0.004107299
0.00162897
0.005169996
0.001943347
0.001600299
0.003277576
0.001825737
0.003718342
0.003354705
0.00129949
0.002361407
0.001868029
0.001334203
0.001284521
0.002355548
0.003887093
0.002621472
0.003721598
0.002715875
0.001888036
0.001278816
0.005923599
0.002208735
0.001763851
0.002182093
0.001847803
0.002824071
0.001877403
0.002158323
0.0008579699
0.001953119
0.003924147
0.00224757
0.002091526
0.002369144
0.002182705
0.001079734
0.001695701
0.001736711
0.001503912
0.00257096
0.001792346
0.001847779
0.002941747
0.002428741
0.004659934
0.002331441
0.001178294
0.003352666
0.002670199
0.002644428
0.005601538
0.001220293
0.001370696
0.002084137
0.001371151
0.001215053
0.001269732
0.002619516
0.001968111
0.0009063262
0.001538773
0.00256611
0.001741432
0.00179785
0.0017535
0.001883949
0.003039252
0.0007619828
0.001344365
0.0009494134
0.002765931
0.001024829
0.002285497
0.001448401
0.0008361997
0.001346535
0.0008129545
0.002915872
0.001399527
0.001497287
0.001724285
0.001380316
0.003583226
0.007285989
0.001385742
0.001858825
0.0008170754
0.002178534
0.001885377
0.001349795
0.001285681
0.005217064
0.002624325
