0.04927549
-0.008349488
-0.003467941
0.00956824
-0.002756929
-0.01941183
-0.03214446
-0.04505392
-0.06133608
-0.0599929
-0.04818747
-0.05378898
-0.05640925
-0.05080328
-0.06065922
-0.0682467
-0.06753603
-0.06230964
-0.06888121
-0.07806643
-0.08049665
-0.07700814
-0.08869966
-0.08827917
-0.09878808
-0.0880362
-0.08610308
-0.07984018
-0.0931451
-0.08986272
-0.0882792
-0.1034491
-0.09899491
-0.09601089
-0.1061176
-0.1215081
-0.1209986
-0.1415054
-0.1464316
-0.1532704
-0.1546869
-0.1617169
-0.1609138
-0.1666158
-0.1700544
-0.1910436
-0.1887381
-0.1900028
-0.1920371
-0.1792671
-0.1756998
-0.1976041
-0.1968589
-0.1962304
-0.1962807
-0.1896052
-0.1990127
-0.2059371
-0.2197631
-0.231889
-0.2433586
-0.2394149
-0.2640479
-0.2588296
-0.2613964
-0.2646973
-0.2773094
-0.2916295
-0.2942826
-0.2882782
-0.303923
-0.3189886
-0.315248
-0.3235544
-0.3056558
-0.3161315
-0.3085226
-0.2955905
-0.290885
-0.3037633
-0.3102218
-0.290558
-0.310464
-0.3228551
-0.3051888
-0.3121121
-0.2976378
-0.2903903
-0.2868021
-0.2829433
-0.301241
-0.3053641
-0.2967406
-0.3044248
-0.3057876
-0.3127368
-0.307795
-0.3272115
-0.3244933
-0.3145705
-0.3333833
-0.3243213
-0.3360946
-0.3286167
-0.3231565
-0.3394908
-0.3378298
-0.342514
-0.3509425
-0.3517473
-0.357517
-0.3591111
-0.3557044
-0.3595287
-0.3501321
-0.3445135
-0.3651753
-0.3883953
-0.3737319
-0.3846052
-0.3838863
-0.3842799
-0.3686152
-0.3826138
-0.3763298
-0.3678689
-0.3560943
-0.3724404
-0.3623467
-0.3706701
-0.3501795
-0.3406878
-0.3224045
-0.3141894
-0.3203629
-0.3055925
-0.3208178
-0.3266081
-0.3351281
-0.3461159
-0.3528012
-0.3464877
-0.3403097
-0.3605389
-0.3607281
-0.3794032
-0.3935003
-0.3875548
-0.3742172
-0.3904745
-0.396825
-0.395782
-0.3922665
-0.3946485
-0.3752334
-0.3682908
-0.3427229
-0.3565538
-0.3605125
-0.3446943
-0.340737
-0.3512358
-0.3429381
-0.3451139
-0.3398826
-0.3329955
-0.3453056
-0.3478393
-0.3563924
-0.3639396
-0.3616209
-0.3600442
-0.3655764
-0.3663725
-0.3514609
-0.371079
-0.3637874
-0.3433621
-0.3563699
-0.3452151
-0.3697768
-0.3595856
-0.3565314
-0.378172
-0.3840098
-0.3729978
-0.3856477
-0.3942334
-0.3612673
-0.3526799
-0.3492254
-0.3350575
-0.337413
-0.3373631
-0.3446312
-0.3450304
-0.3381803
-0.3309014
-0.3096613
-0.3171019
