0.01313655
0.01165439
0.01077573
0.01213627
0.0117983
0.01019767
0.01053164
0.01012696
0.01115385
0.01153798
0.0118671
0.01303135
0.01112533
0.01129513
0.011922
0.0118864
0.01150409
0.0124115
0.01064142
0.01128425
0.01217735
0.01122286
0.01180698
0.01096849
0.01040212
0.01192495
0.01121412
0.01138656
0.0120333
0.01213688
0.01108605
0.01160833
0.01125637
0.01283591
0.0107976
0.01145921
0.01147209
0.0118047
0.0119562
0.01144001
0.01274841
0.01183951
0.01148773
0.01082051
0.01095487
0.01144605
0.01105281
0.01091538
0.01266281
0.01218061
0.01014005
0.01137245
0.01185802
0.01124714
0.0114147
0.01042348
0.01025711
0.01081144
0.01220507
0.01083884
0.01199383
0.01249786
0.01008678
0.0113866
0.01115584
0.0122794
0.01101825
0.01066854
0.01207345
0.01107537
0.01007418
0.01128917
0.01167491
0.01067123
0.01123475
0.01163888
0.01101714
0.01095777
0.01169861
0.01209518
0.01027059
0.01217558
0.01224281
0.01270669
0.01109769
0.01075378
0.01153419
0.01139278
0.0117654
0.01087583
0.01105751
0.01119128
0.01162005
0.01241225
0.01143346
0.0125925
0.01242641
0.01095998
0.01194517
0.0113361
0.01136167
0.01005589
0.01167353
0.01136801
0.01165378
0.0111748
0.01202409
0.01223498
0.0109306
0.01141119
0.01107312
0.01070277
0.0115858
0.01087664
0.01045267
0.01055715
0.01149939
0.01198952
0.01079954
0.01149333
0.01164634
0.01132465
0.01177575
0.01101372
0.01149594
0.01109032
0.01071254
0.01085089
0.01073026
0.01065366
0.01110005
0.01232298
0.01019969
0.01116035
0.01161925
0.0106627
0.0109877
0.01093738
0.01116089
0.01015749
0.01147418
0.0100309
0.01227537
0.01220885
0.01073037
0.01094611
0.01120733
0.01126268
0.01239255
0.01073125
0.01140558
0.01152791
0.01129707
0.01149127
0.01027459
0.01166365
0.01130786
0.01186362
0.01053947
0.01065361
0.01092528
0.01098287
0.01080532
0.01067507
0.01065409
0.01118657
0.01151859
0.0116232
0.0106845
0.01053243
0.01045015
0.01149182
0.01164081
0.01104147
0.01186837
0.01210758
0.01185209
0.01165334
0.01156943
0.01249416
0.01084833
0.01076966
0.01181715
0.01090055
0.010625
0.01178827
0.0130714
0.01100726
0.01104323
0.0114813
0.01005257
0.01067764
0.009905481
0.01274765
0.01134552
0.01063502
0.01165006
0.01029397
0.0127665
0.01150496
